[variables]
rows = 79
cols = 79
node_width = 10

[board]
0000000000000000000000000000000000000000000000000000000000000000000000000000000
0000000000000000000000000001100001100000000000000000000000000000000000000000000
0000000000000000000000000001010010100000000000000000000000000000000000000000000
0000000000000000000000000000010010000000000000000000000000000000000000000000000
0000000000000000000000000000110011000000000000000000000000000000000000000000000
0000000000000000000000000001110011100000000000000000000000000000000000000000000
0000000000000000000000000000010010000000000000000000110000110000000000000000000
0000000000000000000000000000000000000000000000000000101001010000000000000000000
0000000000000000000000000000000000001110000000000000001001000000000000000000000
0000000000000000000000000000000000001110100000000000011001100000000000000000000
0000000000000000000000000000000000000101010000000000111001110000000000000000000
0000000000000000000000000000000111000010010000000000001001000000000000000000000
0000000000000000000000000000000000000001100000000000000000000010100000000000000
0000000000000001100000000000010000010000000000000000000000000100000000000000000
0000000000000010010000000000010000010000000000000000000000000010010000000000000
0000000000000101010000000000010000010000000000000000000000000010101000000000000
0000000000000100100000000000000000000000000000000000000000000001001000000000000
0000000000001000000000000000000111000000000000000000000010010000110000000000000
0000000000000101000100000000000000000000000000000000000000000000000000000000000
0000000000000000000100000000000000000000000000000000000011100000000000000000000
0000001100100000000100000000000000000000000000000000000000000000000000000000000
0000001001100000000000000000000000000000000000000000000000000000000000000000000
0000000111110001110001110000000000000000000000000000000000000000000000000000000
0000000000000000000000000001110000000000000000000000000000000000000000000000000
0000000000000000000100000000000000000000001110000000000000000000000000000000000
0000000111110000000100000100000100000000000000000000000000000000000000000000000
0000001001100000000100000100000100000000100000100000000000000000000000000000000
0000001100100000000000000100000100000000100000100000000000000000000000000100110
0000000000000000000000000000000000000000100000100000001110000000000000000110010
0000000000000000000000000001110000000000000000000000000000000001110000001111100
0000000000000000000000000000000000000000001110000000100000100000000000000000000
0000000000000000000000000000000000000000000000000000100000100100000100000000000
0000000000000000000000000011100000000000000000000000100000100100000100001111100
0000000000000000000000000000000000000000000000000000000000000100000100000110010
0000000000000000000000001000001000000000000000000000001110000000000000000100110
0000000000000000000000001000001000000000000000000000000000000001110000000000000
0000000000000000000000001000001000000000000000000000000000000000000000000000000
0000000000110000000000000000000000000000000000000000000000000000000001110000000
0000000001001000000000000011100000000000000000000000000000000000000101110000000
0000000010101000000000000000000000000000000000000000000000000000001010100000000
0000000111010000000000000000000000000000000000000000111000000000001001000000000
0000000111000000000000000000000000000000000000000000000000000000000110000000000
0000000000000000000000000000000000000000000000000010000010000000000000000000000
0000000000000111000000000010000000000000000000000010000010000000000000000000000
0110010000000000000000000010000000000000000000000010000010000000000000000000000
0100110000010000010000000010000000000000000000000000000000000000000000000000000
0011111000010000010000000000000000000000000000000000111000000000000000000000000
0000000000010000010000111000111000000000000000000000000000000000000000000000000
0000000000000000000000000000000000111000000000010000000000000000000000000000000
0011111000000111000000000010000000000000000000010000000000000000000000000000000
0100110000000000000000000010000010000010000000010000000000000000000000000000000
0110010000000000000000000010000010000010000000000000000000000000000010011000000
0000000000000000000000000000000010000010000111000111000000010000000011001000000
0000000000000000000000000000000000000000000000000000000000010000000111110000000
0000000000000000000000000000000000111000000000010000000000010000000000000000000
0000000000000000000000100000000000000000000000010000000000000000000000000000000
0000000000000000000000100000000000000000000000010000000111000111000111110000000
0000000000000000000000100000000000000000000000000000000000000000000011001000000
0000000000000000000000000000000000000000000000000000000000010000000010011000000
0000000000000000001110001110000000000000000000000000000000010000000000000000000
0000000000000000000000000000000000000000000000000000000000010001010000000000000
0000000000000011000000100000000000000000000001110000000000000000001000000000000
0000000000000100100000100000000000000000000000000000000000000010010000000000000
0000000000000101010000100000000000000000000100000100000000000101010000000000000
0000000000000010010000000000000000000000000100000100000000000100100000000000000
0000000000000000001000000000000000000000000100000100000000000011000000000000000
0000000000000001010000000000000000000011000000000000000000000000000000000000000
0000000000000000000000100100000000000100100001110000000000000000000000000000000
0000000000000000000011100111000000000101010000000000000000000000000000000000000
0000000000000000000001100110000000000010111000000000000000000000000000000000000
0000000000000000000000100100000000000000111000000000000000000000000000000000000
0000000000000000000010100101000000000000000000000000000000000000000000000000000
0000000000000000000011000011000000000000000000100100000000000000000000000000000
0000000000000000000000000000000000000000000011100111000000000000000000000000000
0000000000000000000000000000000000000000000001100110000000000000000000000000000
0000000000000000000000000000000000000000000000100100000000000000000000000000000
0000000000000000000000000000000000000000000010100101000000000000000000000000000
0000000000000000000000000000000000000000000011000011000000000000000000000000000
0000000000000000000000000000000000000000000000000000000000000000000000000000000
